[alpha = 0.5, gamma = 0.5, epsilon = 0.5] 31, 21, 51, 23, 24, 36, 18, 53, 28, 24, 43, 54, 13, 13, 15, 37, 24, 38, 27, 19, 39, 45, 25, 48, 51, 35, 43, 36, 39, 53, 36
[alpha = 0.75, gamma = 0.5, epsilon = 0.5] 18, 26, 25, 21, 26, 38, 28, 33, 42, 30, 20, 17, 33, 34, 21, 35, 16, 26, 36, 22, 29, 34, 24, 31, 40, 18, 19, 24, 28, 40, 38
[alpha = 0.5, gamma = 0.75, epsilon = 0.5] 35, 46, 51, 39, 28, 59, 27, 30, 34, 39, 42, 42, 48, 30, 40, 32, 24, 13, 26, 22, 41, 46, 48, 20, 18, 31, 51, 27, 24, 32, 23, 42, 38
[alpha = 0.5, gamma = 0.5, epsilon = 0.75] 20, 6, 24, 31, 43, 20, 39, 29, 21, 39, 23, 19, 29, 36, 28, 31, 31, 36, 30, 21, 22, 28, 23, 14, 25, 32, 55, 22, 17, 23, 21, 31, 27, 31, 21
[alpha = 0.25, gamma = 0.5, epsilon = 0.5] 50, 50, 53, 50, 49, 16, 25, 41, 43, 34, 52, 67, 38, 37, 35, 24, 30, 54, 7, 43, 37, 45, 22, 31, 44, 24, 40, 11, 60, 45, 55, 31, 33, 55, 54, 46
[alpha = 0.5, gamma = 0.25, epsilon = 0.5] 14, 18, 52, 35, 29, 5, 37, 23, 29, 25, 24, 53, 24, 32, 27, 35, 14, 11, 29, 38, 26, 38, 25, 25, 29, 6, 29, 25, 20, 37, 15, 38, 21, 25, 22, 10
[alpha = 0.5, gamma = 0.5, epsilon = 0.25] 14, 28, 33, 54, 49, 45, 49, 31, 52, 30, 63, 39, 21, 33, 29, 44, 21, 46, 36, 28, 43, 24, 48, 10, 63, 36, 39, 36, 32, 23, 22, 17, 54, 28 
[alpha = 0.5, gamma = 0.5, epsilon = 0] 92, 88, 83, 35, 31, 48, 25, 60, 83, 40, 76, 37, 10, 92, 56, 47, 43, 27, 84, 81, 64, 64, 22, 8, 32, 15, 11, 49, 57, 67, 50, 29, 64, 59, 34, 55
[alpha = 0.5, gamma = 0.5, epsilon = 0.1] 35, 43, 21, 51, 35, 29, 31, 47, 44, 64, 63, 26, 33, 23, 79, 65, 59, 42, 11, 65, 25, 38, 52, 27, 49, 43, 43, 53, 28, 57, 69, 54, 
[alpha = 0.5, gamma = 0.5, epsilon = 0.05] 48, 71, 74, 41, 61, 18, 34, 39, 57, 26, 57, 54, 48, 62, 34, 26, 52, 43, 32, 45, 28, 56, 74, 63, 33, 66, 25, 60, 14, 62, 13, 26, 
[alpha = 0.5, gamma = 0.5, epsilon = 0.025] 60, 23, 72, 57, 90, 70, 73, 67, 44, 63, 13, 70, 2, 71, 46, 36, 42, 49, 62, 41, 66, 36, 47, 36, 73, 39, 11, 42, 41, 32, 51, 36, 50, 52, 31
[alpha = 0.5, gamma = 0.5, epsilon = 0.01] 35, 57, 57, 22, 34, 29, 41, 53, 24, 84, 24, 35, 31, 85, 31, 31, 23, 37, 44, 24, 24, 85, 52, 78, 67, 44, 44, 23, 76, 49, 49, 4, 23, 24
[alpha = 0.5, gamma = 0.5, epsilon = 0.001] 27, 75, 18, 65, 40, 66, 84, 47, 48, 67, 33, 61, 67, 80, 82, 64, 22, 82, 49, 53, 28, 79, 75, 33, 66, 48, 57, 9, 18, 90, 62, 15, 60, 70, 32,
[alpha = 0.5, gamma = 0.9, epsilon = 0.001] 56, 25, 25, 37, 65, 42, 16, 65, 44, 24, 90, 12, 42, 37, 88, 15, 62, 49, 25, 32, 9, 52, 16, 73, 56, 46, 18, 84, 62, 45, 78, 58, 39, 56, 67
[alpha = 0.5, gamma = 0.75, epsilon = 0.001] 53, 71, 56, 58, 52, 39, 62, 64, 29, 68, 36, 55, 63, 52, 88, 58, 18, 79, 60, 8, 59, 62, 7, 40, 87, 54, 70, 15, 59, 52, 87, 52, 67, 35, 24
[alpha = 0.5, gamma = 0.60, epsilon = 0.001] 63, 76, 31, 51, 36, 47, 54, 78, 25, 75, 41, 39, 51, 30, 19, 85, 29, 93, 88, 57, 81, 68, 37, 76, 56, 13, 65, 64, 61, 57, 2, 63, 27, 67, 49, 
[alpha = 0.25, gamma = 0.60, epsilon = 0.001] 20, 82, 12, 10, 28, 51, 19, 64, 59, 7, 80, 84, 49, 51, 17, 23, 27, 33, 9, 52, 10, 0, 55, 76, 62, 58, 52, 17, 62, 78, 80, 71, 72, 
[alpha = 0.40, gamma = 0.60, epsilon = 0.001] 42, 57, 57, 60, 59, 26, 56, 20, 59, 37, 26, 55, 45, 2, 62, 37, 56, 29, 35, 42, 59, 32, 62, 15, 62, 50, 25, 40, 27, 56, 26, 81, 78, 73, 67, 
[alpha = 0.45, gamma = 0.60, epsilon = 0.001] 26, 33, 85, 66, 87, 48, 34, 34, 48, 46, 73, 26, 57, 27, 63, 82, 50, 68, 10, 83, 87, 65, 34, 22, 58, 73, 82, 66, 53, 52, 69, 50, 71, 48, 53,
[alpha = 0.45, gamma = 0.6, epsilon = 0.001] 86, 90, 83, 64, 19, 60, 68, 84, 53, 31, 75, 23, 75, 47, 48, 71, 21, 31, 63, 59, 68, 63, 82, 52, 39, 54, 51, 24, 29, 29, 29, 29, 29, 29, 29, 29, 29, 29, 29, 29, 29, 29, 29, 29, 29, 29, 29, 29, 29, 29, 29, 29, 29, 29, 29, 29, 29, 29, 29, 29, 29, 29, 29, 29, 29, 29, 29, 29, 29, 29, 29, 29, 29, 29, 29, 29, 29, 29, 29, 29, 29, 29, 29, 29, 29, 29, 29, 29, 29, 29, 29, 29, 29, 29, 29, 29, 29, 29, 29, 29, 29, 29, 29, 29, 29, 29, 29, 29, 29, 29, 29, 29, 29, 29, 29, 29, 29, 29, 29, 29, 29, 29, 29, 29, 29, 29, 29, 29, 29, 67, 78, 78, 78, 82, 28, 64, 47, 47, 47, 47, 47, 47, 47, 47, 47, 47, 47, 47, 47, 47, 47, 47, 47, 47, 47, 47, 47, 47, 47, 47, 47, 47, 34, 34, 34, 34, 34, 34, 34, 34, 34, 34, 34, 34, 34, 34, 34, 34, 34, 34, 34, 34, 34, 34, 34, 34, 34, 34, 34, 34, 34, 34, 34, 34, 34, 34, 34, 34, 34, 34, 34, 34, 34, 34, 34, 34, 34, 34, 34, 34, 34, 34, 34, 34, 34, 34, 34, 34, 34, 34, 34, 34, 34, 34, 34, 34, 34, 34, 34, 34, 34, 34, 34, 34, 34, 34, 34, 34, 34, 34, 34, 34, 34, 34, 34, 34, 34, 34, 34, 34, 34, 34, 34, 34, 34, 34, 34, 34, 34, 34, 34, 34, 34, 58, 62, 85, 50, 18, 